R0 0 0 0 0 0 0 0 0 RAMP_EN VCO_PHASE_SYNC 1 0 0 1 OUT_MUTE FCAL_HPFD_ADJ:2 FCAL_LPFD_ADJ:2 1 FCAL_EN MUXOUT_LD_SEL RESET POWERDOWN
R1 0 0 0 0 0 0 0 1 0 0 0 0 1 0 0 0 0 0 0 0 1 CAL_CLK_DIV:3
R2 0 0 0 0 0 0 1 0 0 0 0 0 0 1 0 1 0 0 0 0 0 0 0 0
R3 0 0 0 0 0 0 1 1 0 0 0 0 0 1 1 0 0 1 0 0 0 0 1 0
R4 0 0 0 0 0 1 0 0 ACAL_CMP_DLY:8 0 1 0 0 0 0 1 1
R5 0 0 0 0 0 1 0 1 0 0 0 0 0 0 0 0 1 1 0 0 1 0 0 0
R6 0 0 0 0 0 1 1 0 1 1 0 0 1 0 0 0 0 0 0 0 0 0 1 0
R7 0 0 0 0 0 1 1 1 0 OUT_FORCE 0 0 0 0 0 0 1 0 1 1 0 0 1 0
R8 0 0 0 0 1 0 0 0 0 VCO_DACISET_FORCE 1 0 VCO_CAPCTRL_FORCE 0 0 0 0 0 0 0 0 0 0 0
R9 0 0 0 0 1 0 0 1 0 0 0 OSC_2X 0 1 1 0 0 0 0 0 0 1 0 0
R10 0 0 0 0 1 0 1 0 0 0 0 1 MULT:5 1 0 1 1 0 0 0
R11 0 0 0 0 1 0 1 1 0 0 0 0 PLL_R:8 1 0 0 0
R12 0 0 0 0 1 1 0 0 0 1 0 1 PLL_R_PRE:12
R13 0 0 0 0 1 1 0 1 0 1 0 0 0 0 0 0 0 0 0 0 0 0 0 0
R14 0 0 0 0 1 1 1 0 0 0 0 1 1 1 1 0 0 CPG:3 0 0 0 0
R15 0 0 0 0 1 1 1 1 0 0 0 0 0 1 1 0 0 1 0 0 1 1 1 1
R16 0 0 0 1 0 0 0 0 0 0 0 0 0 0 0 VCO_DACISET:9
R17 0 0 0 1 0 0 0 1 0 0 0 0 0 0 0 VCO_DACISET_STRT:9
R18 0 0 0 1 0 0 1 0 0 0 0 0 0 0 0 0 0 1 1 0 0 1 0 0
R19 0 0 0 1 0 0 1 1 0 0 1 0 0 1 1 1 VCO_CAPCTRL:8
R20 0 0 0 1 0 1 0 0 1 1 VCO_SEL:3 VCO_SEL_FORCE 0 0 0 1 0 0 1 0 0 0
R21 0 0 0 1 0 1 0 1 0 0 0 0 0 1 0 0 0 0 0 0 0 0 0 1
R22 0 0 0 1 0 1 1 0 0 0 0 0 0 0 0 0 0 0 0 0 0 0 0 1
R23 0 0 0 1 0 1 1 1 0 0 0 0 0 0 0 0 0 1 1 1 1 1 0 0
R24 0 0 0 1 1 0 0 0 0 0 0 0 0 1 1 1 0 0 0 1 1 0 1 0
R25 0 0 0 1 1 0 0 1 0 0 0 0 1 1 0 0 0 0 1 0 1 0 1 1
R26 0 0 0 1 1 0 1 0 0 0 0 0 1 1 0 1 1 0 1 1 0 0 0 0
R27 0 0 0 1 1 0 1 1 0 0 0 0 0 0 0 0 0 0 0 0 0 0 1 0
R28 0 0 0 1 1 1 0 0 0 0 0 0 0 1 0 0 1 0 0 0 1 0 0 0
R29 0 0 0 1 1 1 0 1 0 0 1 1 0 0 0 1 1 0 0 0 1 1 0 0
R30 0 0 0 1 1 1 1 0 0 0 1 1 0 0 0 1 1 0 0 0 1 1 0 0
R31 0 0 0 1 1 1 1 1 0 CHDIV_DIV2 0 0 0 0 1 1 1 1 1 0 1 1 0 0
R32 0 0 1 0 0 0 0 0 0 0 0 0 0 0 1 1 1 0 0 1 0 0 1 1
R33 0 0 1 0 0 0 0 1 0 0 0 1 1 1 1 0 0 0 1 0 0 0 0 1
R34 0 0 1 0 0 0 1 0 0 0 0 0 0 0 0 0 0 0 0 0 0 PLL_N[18:16]:3
R35 0 0 1 0 0 0 1 1 0 0 0 0 0 0 0 0 0 0 0 0 0 1 0 0
R36 0 0 1 0 0 1 0 0 PLL_N:16
R37 0 0 1 0 0 1 0 1 MASH_SEED_EN 0 PFD_DLY_SEL:6 0 0 0 0 0 1 0 0
R38 0 0 1 0 0 1 1 0 PLL_DEN[31:16]:16
R39 0 0 1 0 0 1 1 1 PLL_DEN[15:0]:16
R40 0 0 1 0 1 0 0 0 MASH_SEED[31:16]:16
R41 0 0 1 0 1 0 0 1 MASH_SEED[15:0]:16
R42 0 0 1 0 1 0 1 0 PLL_NUM[31:16]:16
R43 0 0 1 0 1 0 1 1 PLL_NUM[15:0]:16
R44 0 0 1 0 1 1 0 0 0 0 OUTA_PWR:6 OUTB_PD OUTA_PD MASH_RESET_N 0 0 MASH_ORDER:3
R45 0 0 1 0 1 1 0 1 1 1 0 OUTA_MUX:2 OUT_ISET:2 0 1 1 OUTB_PWR:6
R46 0 0 1 0 1 1 1 0 0 0 0 0 0 1 1 1 1 1 1 1 1 1 OUTB_MUX:2
R47 0 0 1 0 1 1 1 1 0 0 0 0 0 0 1 1 0 0 0 0 0 0 0 0
R48 0 0 1 1 0 0 0 0 0 0 0 0 0 0 1 1 0 0 0 0 0 0 0 0
R49 0 0 1 1 0 0 0 1 0 1 0 0 0 0 0 1 1 0 0 0 0 0 0 0
R50 0 0 1 1 0 0 1 0 0 0 0 0 0 0 0 0 0 0 0 0 0 0 0 0
R51 0 0 1 1 0 0 1 1 0 0 0 0 0 0 0 0 1 0 0 0 0 0 0 0
R52 0 0 1 1 0 1 0 0 0 0 0 0 1 0 0 0 0 0 1 0 0 0 0 0
R53 0 0 1 1 0 1 0 1 0 0 0 0 0 0 0 0 0 0 0 0 0 0 0 0
R54 0 0 1 1 0 1 1 0 0 0 0 0 0 0 0 0 0 0 0 0 0 0 0 0
R55 0 0 1 1 0 1 1 1 0 0 0 0 0 0 0 0 0 0 0 0 0 0 0 0
R56 0 0 1 1 1 0 0 0 0 0 0 0 0 0 0 0 0 0 0 0 0 0 0 0
R57 0 0 1 1 1 0 0 1 0 0 0 0 0 0 0 0 0 0 1 0 0 0 0 0
R58 0 0 1 1 1 0 1 0 INPIN_IGNORE INPIN_HYST INPIN_LVL:2 INPIN_FMT:3 0 0 0 0 0 0 0 0 1
R59 0 0 1 1 1 0 1 1 0 0 0 0 0 0 0 0 0 0 0 0 0 0 0 LD_TYPE
R60 0 0 1 1 1 1 0 0 LD_DLY:16
R61 0 0 1 1 1 1 0 1 0 0 0 0 0 0 0 0 1 0 1 0 1 0 0 0
R62 0 0 1 1 1 1 1 0 0 0 0 0 0 0 1 1 0 0 1 0 0 0 1 0
R63 0 0 1 1 1 1 1 1 0 0 0 0 0 0 0 0 0 0 0 0 0 0 0 0
R64 0 1 0 0 0 0 0 0 0 0 0 1 0 0 1 1 1 0 0 0 1 0 0 0
R65 0 1 0 0 0 0 0 1 0 0 0 0 0 0 0 0 0 0 0 0 0 0 0 0
R66 0 1 0 0 0 0 1 0 0 0 0 0 0 0 0 1 1 1 1 1 0 1 0 0
R67 0 1 0 0 0 0 1 1 0 0 0 0 0 0 0 0 0 0 0 0 0 0 0 0
R68 0 1 0 0 0 1 0 0 0 0 0 0 0 0 1 1 1 1 1 0 1 0 0 0
R69 0 1 0 0 0 1 0 1 MASH_RST_COUNT[31:16]:16
R70 0 1 0 0 0 1 1 0 MASH_RST_COUNT[15:0]:16
R71 0 1 0 0 0 1 1 1 0 0 0 0 0 0 0 0 SYSREF_DIV_PRE:3 SYSREF_PULSE SYSREF_EN SYSREF_REPEAT 0 1
R72 0 1 0 0 1 0 0 0 0 0 0 0 0 SYSREF_DIV:11
R73 0 1 0 0 1 0 0 1 0 0 0 0 JESD_DAC2_CTRL:6 JESD_DAC1_CTRL:6
R74 0 1 0 0 1 0 1 0 SYSREF_PULSE_CNT:4 JESD_DAC4_CTRL:6 JESD_DAC3_CTRL:6
R75 0 1 0 0 1 0 1 1 0 0 0 0 1 CHDIV:5 0 0 0 0 0 0
R76 0 1 0 0 1 1 0 0 0 0 0 0 0 0 0 0 0 0 0 0 1 1 0 0
R77 0 1 0 0 1 1 0 1 0 0 0 0 0 0 0 0 0 0 0 0 0 0 0 0
R78 0 1 0 0 1 1 1 0 0 0 0 0 RAMP_THRESH[32] 0 QUICK_RECAL_EN VCO_CAPCTRL_STRT:8 1
R79 0 1 0 0 1 1 1 1 RAMP_THRESH[31:16]:16
R80 0 1 0 1 0 0 0 0 RAMP_THRESH[15:0]:16
R81 0 1 0 1 0 0 0 1 0 0 0 0 0 0 0 0 0 0 0 0 0 0 0 RAMP_LIMIT_HIGH[32]
R82 0 1 0 1 0 0 1 0 RAMP_LIMIT_HIGH[31:16]:16
R83 0 1 0 1 0 0 1 1 RAMP_LIMIT_HIGH[15:0]:16
R84 0 1 0 1 0 1 0 0 0 0 0 0 0 0 0 0 0 0 0 0 0 0 0 RAMP_LIMIT_LOW[32]
R85 0 1 0 1 0 1 0 1 RAMP_LIMIT_LOW[31:16]:16
R86 0 1 0 1 0 1 1 0 RAMP_LIMIT_LOW[15:0]:16
R87 0 1 0 1 0 1 1 1 0 0 0 0 0 0 0 0 0 0 0 0 0 0 0 0
R88 0 1 0 1 1 0 0 0 0 0 0 0 0 0 0 0 0 0 0 0 0 0 0 0
R89 0 1 0 1 1 0 0 1 0 0 0 0 0 0 0 0 0 0 0 0 0 0 0 0
R90 0 1 0 1 1 0 1 0 0 0 0 0 0 0 0 0 0 0 0 0 0 0 0 0
R91 0 1 0 1 1 0 1 1 0 0 0 0 0 0 0 0 0 0 0 0 0 0 0 0
R92 0 1 0 1 1 1 0 0 0 0 0 0 0 0 0 0 0 0 0 0 0 0 0 0
R93 0 1 0 1 1 1 0 1 0 0 0 0 0 0 0 0 0 0 0 0 0 0 0 0
R94 0 1 0 1 1 1 1 0 0 0 0 0 0 0 0 0 0 0 0 0 0 0 0 0
R95 0 1 0 1 1 1 1 1 0 0 0 0 0 0 0 0 0 0 0 0 0 0 0 0
R96 0 1 1 0 0 0 0 0 RAMP_BURST_EN RAMP_BURST_COUNT:13 0 0
R97 0 1 1 0 0 0 0 1 RAMP0_RST 0 0 0 1 RAMP_TRIGB:4 RAMP_TRIGA:4 0 RAMP_BURST_TRIG:2
R98 0 1 1 0 0 0 1 0 RAMP0_INC[29:16]:14 0 RAMP0_DLY
R99 0 1 1 0 0 0 1 1 RAMP0_INC[15:0]:16
R100 0 1 1 0 0 1 0 0 RAMP0_LEN:16
R101 0 1 1 0 0 1 0 1 0 0 0 0 0 0 0 0 0 RAMP1_DLY RAMP1_RST RAMP0_NEXT 0 0 RAMP0_NEXT_TRIG:2
R102 0 1 1 0 0 1 1 0 0 0 RAMP1_INC[29:16]:14
R103 0 1 1 0 0 1 1 1 RAMP1_INC[15:0]:16
R104 0 1 1 0 1 0 0 0 RAMP1_LEN:16
R105 0 1 1 0 1 0 0 1 RAMP_DLY_CNT:10 RAMP_MANUAL RAMP1_NEXT 0 0 RAMP1_NEXT_TRIG:2
R106 0 1 1 0 1 0 1 0 0 0 0 0 0 0 0 0 0 0 0 RAMP_TRIG_CAL 0 RAMP_SCALE_COUNT:3
R107 0 1 1 0 1 0 1 1 0 0 0 0 0 0 0 0 0 0 0 0 0 0 0 0
R108 0 1 1 0 1 1 0 0 0 0 0 0 0 0 0 0 0 0 0 0 0 0 0 0
R109 0 1 1 0 1 1 0 1 0 0 0 0 0 0 0 0 0 0 0 0 0 0 0 0
R110 0 1 1 0 1 1 1 0 0 0 0 0 0 rb_LD_VTUNE:2 0 rb_VCO_SEL:3 0 0 0 0 0
R111 0 1 1 0 1 1 1 1 0 0 0 0 0 0 0 0 rb_VCO_CAPCTRL:8
R112 0 1 1 1 0 0 0 0 0 0 0 0 0 0 0 rb_VCO_DACISET:9
