 32766 
     0 
 32508 
  4104 
 31738 
  8144 
 30468 
 12056 
 28717 
 15777 
 26515 
 19250 
 23895 
 22420 
 20898 
 25237 
 17572 
 27656 
 13970 
 29639 
 10147 
 31155 
  6164 
 32181 
  2084 
 32700 
 -2028 
 32703 
 -6109 
 32192 
-10093 
 31173 
-13918 
 29663 
-17524 
 27686 
-20854 
 25273 
-23856 
 22461 
-26482 
 19296 
-28690 
 15827 
-30447 
 12108 
-31724 
  8199 
-32501 
  4161 
-32766 
    57 
-32515 
 -4048 
-31752 
 -8089 
-30488 
-12003 
-28745 
-15728 
-26548 
-19204 
-23933 
-22379 
-20942 
-25200 
-17620 
-27625 
-14021 
-29615 
-10201 
-31138 
 -6220 
-32170 
 -2141 
-32696 
  1972 
-32707 
  6053 
-32202 
 10039 
-31190 
 13867 
-29687 
 17477 
-27716 
 20811 
-25309 
 23817 
-22502 
 26448 
-19342 
 28663 
-15876 
 30426 
-12161 
 31709 
 -8254 
 32494 
 -4217 
 32766 
  -113 
 32522 
  3992 
 31766 
  8035 
 30509 
 11950 
 28772 
 15678 
 26581 
 19159 
 23972 
 22337 
 20985 
 25164 
 17668 
 27595 
 14072 
 29590 
 10254 
 31120 
  6275 
 32159 
  2197 
 32692 
 -1915 
 32710 
 -5997 
 32212 
 -9985 
 31207 
-13816 
 29711 
-17429 
 27746 
-20767 
 25344 
-23778 
 22543 
-26415 
 19387 
-28635 
 15926 
-30405 
 12213 
-31695 
  8308 
-32486 
  4273 
-32766 
   170 
-32529 
 -3936 
-31779 
 -7980 
-30530 
-11898 
-28799 
-15628 
-26614 
-19113 
-24010 
-22296 
-21028 
-25128 
-17715 
-27564 
-14123 
-29566 
-10308 
-31102 
 -6331 
-32149 
 -2254 
-32688 
  1859 
-32713 
  5942 
-32223 
  9931 
-31225 
 13765 
-29735 
 17381 
-27776 
 20723 
-25380 
 23739 
-22584 
 26381 
-19433 
 28608 
-15975 
 30384 
-12266 
 31681 
 -8363 
 32479 
 -4329 
 32765 
  -226 
 32535 
  3880 
 31793 
  7925 
 30550 
 11845 
 28826 
 15579 
 26647 
 19067 
 24049 
 22255 
 21072 
 25092 
 17763 
 27534 
 14174 
 29542 
 10362 
 31085 
  6386 
 32138 
  2310 
 32684 
 -1802 
 32716 
 -5886 
 32233 
 -9878 
 31242 
-13713 
 29758 
-17333 
 27806 
-20679 
 25416 
-23700 
 22625 
-26348 
 19478 
-28580 
 16024 
-30362 
 12318 
-31666 
  8418 
-32471 
  4385 
-32765 
   283 
-32542 
 -3824 
-31807 
 -7870 
-30570 
-11792 
-28852 
-15529 
-26680 
-19021 
-24087 
-22213 
-21115 
-25055 
-17810 
-27503 
-14225 
-29517 
-10415 
-31067 
 -6442 
-32127 
 -2367 
-32680 
  1746 
-32719 
  5831 
-32243 
  9824 
-31259 
 13662 
-29782 
 17285 
-27836 
 20636 
-25452 
 23661 
-22666 
 26314 
-19524 
 28553 
-16074 
 30341 
-12370 
 31652 
 -8472 
 32464 
 -4441 
 32764 
  -339 
 32549 
  3768 
 31820 
  7815 
 30591 
 11740 
 28879 
 15479 
 26713 
 18975 
 24126 
 22171 
 21158 
 25019 
 17858 
 27472 
 14276 
 29493 
 10469 
 31049 
  6497 
 32115 
  2423 
 32676 
 -1689 
 32722 
 -5775 
 32253 
 -9770 
 31276 
-13610 
 29805 
-17237 
 27866 
-20592 
 25487 
-23622 
 22707 
-26280 
 19569 
-28525 
 16123 
-30320 
 12423 
-31637 
  8527 
-32456 
  4497 
-32764 
   396 
-32555 
 -3711 
-31834 
 -7760 
-30611 
-11687 
-28906 
-15429 
-26746 
-18929 
-24164 
-22130 
-21201 
-24982 
-17905 
-27441 
-14327 
-29468 
-10522 
-31030 
 -6552 
-32104 
 -2479 
-32672 
  1633 
-32725 
  5719 
-32263 
  9716 
-31292 
 13559 
-29829 
 17189 
-27896 
 20548 
-25523 
 23583 
-22748 
 26247 
-19614 
 28497 
-16172 
 30298 
-12475 
 31622 
 -8582 
 32448 
 -4553 
 32763 
  -452 
 32561 
  3655 
 31847 
  7705 
 30631 
 11634 
 28932 
 15379 
 26778 
 18882 
 24202 
 22088 
 21244 
 24946 
 17952 
 27410 
 14377 
 29443 
 10576 
 31012 
  6608 
 32093 
  2536 
 32668 
 -1576 
 32728 
 -5664 
 32273 
 -9662 
 31309 
-13507 
 29852 
-17141 
 27925 
-20504 
 25558 
-23544 
 22788 
-26213 
 19660 
-28469 
 16221 
-30277 
 12527 
-31607 
  8636 
-32440 
  4609 
-32762 
   509 
-32568 
 -3599 
-31860 
 -7650 
-30651 
-11581 
-28959 
-15329 
-26811 
-18836 
-24240 
-22046 
-21287 
-24909 
-18000 
-27379 
-14428 
-29418 
-10629 
-30994 
 -6663 
-32081 
 -2592 
-32663 
  1520 
-32731 
  5608 
-32283 
  9608 
-31326 
 13456 
-29876 
 17092 
-27955 
 20459 
-25593 
 23504 
-22829 
 26179 
-19705 
 28441 
-16270 
 30255 
-12580 
 31592 
 -8691 
 32432 
 -4665 
 32761 
  -565 
 32574 
  3543 
 31874 
  7595 
 30671 
 11528 
 28985 
 15279 
 26843 
 18790 
 24278 
 22004 
 21330 
 24872 
 18047 
 27348 
 14479 
 29393 
 10683 
 30976 
  6719 
 32070 
  2648 
 32659 
 -1463 
 32733 
 -5552 
 32292 
 -9554 
 31342 
-13404 
 29899 
-17044 
 27984 
-20415 
 25629 
-23465 
 22870 
-26145 
 19750 
-28413 
 16319 
-30233 
 12632 
-31577 
  8745 
-32424 
  4721 
-32760 
   622 
-32580 
 -3487 
-31887 
 -7540 
-30691 
-11475 
-29012 
-15229 
-26876 
-18743 
-24316 
-21962 
-21373 
-24835 
-18094 
-27317 
-14530 
-29368 
-10736 
-30957 
 -6774 
-32058 
 -2705 
-32654 
  1407 
-32736 
  5496 
-32302 
  9499 
-31359 
 13353 
-29922 
 16996 
-28013 
 20371 
-25664 
 23425 
-22910 
 26111 
-19795 
 28385 
-16368 
 30211 
-12684 
 31562 
 -8800 
 32416 
 -4777 
 32759 
  -678 
 32586 
  3430 
 31900 
  7485 
 30711 
 11422 
 29038 
 15179 
 26908 
 18697 
 24354 
 21920 
 21416 
 24798 
 18141 
 27286 
 14580 
 29343 
 10790 
 30939 
  6829 
 32046 
  2761 
 32649 
 -1350 
 32738 
 -5441 
 32311 
 -9445 
 31375 
-13301 
 29945 
-16947 
 28043 
-20327 
 25699 
-23386 
 22950 
-26076 
 19840 
-28356 
 16417 
-30189 
 12736 
-31547 
  8854 
-32408 
  4833 
-32758 
   735 
-32592 
 -3374 
-31912 
 -7430 
-30730 
-11369 
-29064 
-15129 
-26940 
-18651 
-24392 
-21878 
-21459 
-24761 
-18188 
-27254 
-14631 
-29318 
-10843 
-30920 
 -6885 
-32035 
 -2817 
-32645 
  1294 
-32740 
  5385 
-32320 
  9391 
-31391 
 13249 
-29968 
 16899 
-28072 
 20282 
-25734 
 23346 
-22991 
 26042 
-19885 
 28328 
-16466 
 30167 
-12788 
 31532 
 -8909 
 32399 
 -4889 
 32756 
  -792 
 32598 
  3318 
 31925 
  7375 
 30750 
 11316 
 29090 
 15079 
 26972 
 18604 
 24429 
 21836 
 21502 
 24724 
 18235 
 27223 
 14681 
 29293 
 10896 
 30901 
  6940 
 32023 
  2874 
 32640 
 -1237 
 32743 
 -5329 
 32330 
 -9337 
 31408 
-13198 
 29991 
-16850 
 28101 
-20238 
 25769 
-23306 
 23031 
-26008 
 19930 
-28299 
 16515 
-30145 
 12840 
-31516 
  8963 
-32391 
  4944 
-32755 
   848 
-32603 
 -3262 
-31938 
 -7320 
-30769 
-11263 
-29116 
-15029 
-27004 
-18557 
-24467 
-21794 
-21544 
-24687 
-18282 
-27191 
-14732 
-29267 
-10950 
-30882 
 -6995 
-32011 
 -2930 
-32635 
  1181 
-32745 
  5273 
-32339 
  9283 
-31424 
 13146 
-30013 
 16802 
-28130 
 20193 
-25804 
 23267 
-23071 
 25973 
-19975 
 28271 
-16564 
 30123 
-12892 
 31501 
 -9017 
 32382 
 -5000 
 32754 
  -905 
 32609 
  3205 
 31950 
  7265 
 30789 
 11210 
 29142 
 14978 
 27036 
 18511 
 24505 
 21752 
 21587 
 24650 
 18329 
 27160 
 14782 
 29242 
 11003 
 30863 
  7050 
 31999 
  2986 
 32630 
 -1124 
 32747 
 -5218 
 32348 
 -9229 
 31440 
-13094 
 30036 
-16753 
 28159 
-20149 
 25839 
-23227 
 23111 
-25939 
 20020 
-28242 
 16613 
-30101 
 12944 
-31485 
  9072 
-32374 
  5056 
-32752 
   961 
-32614 
 -3149 
-31963 
 -7210 
-30808 
-11157 
-29168 
-14928 
-27068 
-18464 
-24542 
-21709 
-21629 
-24613 
-18376 
-27128 
-14833 
-29216 
-11056 
-30844 
 -7105 
-31986 
 -3043 
-32624 
  1068 
-32749 
  5162 
-32357 
  9174 
-31455 
 13042 
-30058 
 16705 
-28188 
 20104 
-25873 
 23187 
-23151 
 25904 
-20064 
 28214 
-16662 
 30078 
-12996 
 31469 
 -9126 
 32365 
 -5112 
 32750 
 -1018 
 32620 
  3093 
 31975 
  7155 
 30827 
 11104 
 29194 
 14878 
 27100 
 18417 
 24579 
 21667 
 21672 
 24575 
 18423 
 27096 
 14883 
 29191 
 11109 
 30825 
  7161 
 31974 
  3099 
 32619 
 -1011 
 32750 
 -5106 
 32366 
 -9120 
 31471 
-12990 
 30081 
-16656 
 28217 
-20059 
 25908 
-23147 
 23191 
-25870 
 20109 
-28185 
 16710 
-30056 
 13048 
-31454 
  9180 
-32356 
  5168 
-32748 
  1074 
-32625 
 -3037 
-31988 
 -7099 
-30846 
-11050 
-29219 
-14827 
-27132 
-18371 
-24617 
-21625 
-21714 
-24538 
-18469 
-27065 
-14934 
-29165 
-11163 
-30806 
 -7216 
-31962 
 -3155 
-32614 
   955 
-32752 
  5050 
-32374 
  9066 
-31487 
 12938 
-30103 
 16607 
-28245 
 20015 
-25943 
 23107 
-23231 
 25835 
-20154 
 28156 
-16759 
 30033 
-13100 
 31438 
 -9235 
 32347 
 -5224 
 32746 
 -1131 
 32630 
  2980 
 32000 
  7044 
 30865 
 10997 
 29245 
 14777 
 27163 
 18324 
 24654 
 21582 
 21756 
 24500 
 18516 
 27033 
 14984 
 29139 
 11216 
 30787 
  7271 
 31949 
  3212 
 32608 
  -898 
 32754 
 -4994 
 32383 
 -9011 
 31503 
-12886 
 30126 
-16559 
 28274 
-19970 
 25977 
-23067 
 23271 
-25800 
 20198 
-28127 
 16807 
-30011 
 13152 
-31422 
  9289 
-32338 
  5280 
-32744 
  1187 
-32635 
 -2924 
-32012 
 -6989 
-30884 
-10944 
-29270 
-14726 
-27195 
-18277 
-24691 
-21539 
-21799 
-24463 
-18563 
-27001 
-15034 
-29113 
-11269 
-30767 
 -7326 
-31936 
 -3268 
-32603 
   842 
-32755 
  4938 
-32392 
  8957 
-31518 
 12834 
-30148 
 16510 
-28303 
 19925 
-26012 
 23026 
-23311 
 25765 
-20243 
 28098 
-16856 
 29988 
-13203 
 31406 
 -9343 
 32329 
 -5335 
 32742 
 -1244 
 32640 
  2868 
 32024 
  6934 
 30903 
 10891 
 29296 
 14676 
 27226 
 18230 
 24728 
 21497 
 21841 
 24425 
 18609 
 26969 
 15084 
 29087 
 11322 
 30748 
  7381 
 31924 
  3324 
 32597 
  -785 
 32757 
 -4882 
 32400 
 -8902 
 31533 
-12782 
 30170 
-16461 
 28331 
-19880 
 26046 
-22986 
 23350 
-25730 
 20287 
-28069 
 16904 
-29965 
 13255 
-31390 
  9397 
-32319 
  5391 
-32740 
  1300 
-32645 
 -2811 
-32036 
 -6878 
-30922 
-10837 
-29321 
-14625 
-27258 
-18183 
-24766 
-21454 
-21883 
-24387 
-18656 
-26936 
-15135 
-29061 
-11375 
-30728 
 -7436 
-31911 
 -3380 
-32591 
   729 
-32758 
  4826 
-32409 
  8848 
-31549 
 12730 
-30192 
 16412 
-28359 
 19835 
-26080 
 22946 
-23390 
 25695 
-20332 
 28040 
-16953 
 29942 
-13307 
 31373 
 -9451 
 32310 
 -5447 
 32738 
 -1357 
 32650 
  2755 
 32048 
  6823 
 30941 
 10784 
 29346 
 14575 
 27289 
 18136 
 24802 
 21411 
 21925 
 24350 
 18702 
 26904 
 15185 
 29035 
 11428 
 30708 
  7491 
 31898 
  3437 
 32585 
  -672 
 32759 
 -4770 
 32417 
 -8794 
 31564 
-12678 
 30214 
-16363 
 28388 
-19790 
 26114 
-22905 
 23430 
-25660 
 20376 
-28010 
 17001 
-29919 
 13359 
-31357 
  9505 
-32301 
  5503 
-32736 
  1413 
-32655 
 -2699 
-32059 
 -6768 
-30959 
-10730 
-29371 
-14524 
-27320 
-18089 
-24839 
-21369 
-21967 
-24312 
-18749 
-26872 
-15235 
-29009 
-11481 
-30689 
 -7546 
-31885 
 -3493 
-32579 
   616 
-32760 
  4715 
-32425 
  8739 
-31579 
 12626 
-30236 
 16314 
-28416 
 19745 
-26149 
 22865 
-23469 
 25625 
-20420 
 27981 
-17049 
 29896 
-13410 
 31340 
 -9560 
 32291 
 -5558 
 32733 
 -1470 
 32659 
  2642 
 32071 
  6712 
 30978 
 10677 
 29396 
 14473 
 27352 
 18042 
 24876 
 21326 
 22009 
 24274 
 18795 
 26840 
 15285 
 28982 
 11534 
 30669 
  7601 
 31872 
  3549 
 32573 
  -559 
 32761 
 -4659 
 32433 
 -8685 
 31594 
-12574 
 30257 
-16265 
 28444 
-19700 
 26183 
-22824 
 23509 
-25589 
 20464 
-27951 
 17098 
-29873 
 13462 
-31324 
  9614 
-32281 
  5614 
-32730 
  1526 
-32664 
 -2586 
-32083 
 -6657 
-30996 
-10623 
-29421 
-14422 
-27383 
-17994 
-24913 
-21283 
-22051 
-24236 
-18841 
-26807 
-15335 
-28956 
-11587 
-30649 
 -7656 
-31859 
 -3605 
-32567 
   503 
-32762 
  4603 
-32441 
  8630 
-31609 
 12522 
-30279 
 16216 
-28472 
 19655 
-26216 
 22784 
-23548 
 25554 
-20508 
 27922 
-17146 
 29850 
-13513 
 31307 
 -9668 
 32272 
 -5670 
 32728 
 -1583 
 32668 
  2529 
 32094 
  6602 
 31014 
 10570 
 29446 
 14372 
 27414 
 17947 
 24950 
 21240 
 22093 
 24198 
 18887 
 26775 
 15385 
 28930 
 11640 
 30629 
  7711 
 31846 
  3661 
 32561 
  -446 
 32763 
 -4547 
 32449 
 -8576 
 31624 
-12469 
 30301 
-16167 
 28500 
-19609 
 26250 
-22743 
 23587 
-25519 
 20553 
-27892 
 17194 
-29826 
 13565 
-31291 
  9722 
-32262 
  5726 
-32725 
  1639 
-32673 
 -2473 
-32105 
 -6546 
-31032 
-10516 
-29471 
-14321 
-27445 
-17900 
-24986 
-21197 
-22134 
-24160 
-18934 
-26742 
-15435 
-28903 
-11693 
-30609 
 -7766 
-31832 
 -3718 
-32554 
   390 
-32764 
  4491 
-32457 
  8521 
-31639 
 12417 
-30322 
 16117 
-28528 
 19564 
-26284 
 22702 
-23626 
 25483 
-20597 
 27862 
-17242 
 29803 
-13616 
 31274 
 -9776 
 32252 
 -5781 
 32722 
 -1696 
 32677 
  2417 
 32117 
  6491 
 31051 
 10463 
 29495 
 14270 
 27476 
 17852 
 25023 
 21153 
 22176 
 24121 
 18980 
 26709 
 15485 
 28876 
 11745 
 30588 
  7821 
 31819 
  3774 
 32548 
  -333 
 32764 
 -4435 
 32465 
 -8466 
 31653 
-12365 
 30343 
-16068 
 28556 
-19519 
 26318 
-22662 
 23666 
-25448 
 20640 
-27833 
 17290 
-29779 
 13668 
-31257 
  9830 
-32242 
  5837 
-32719 
  1752 
-32681 
 -2360 
-32128 
 -6435 
-31069 
-10409 
-29520 
-14219 
-27506 
-17805 
-25059 
-21110 
-22218 
-24083 
-19026 
-26676 
-15534 
-28850 
-11798 
-30568 
 -7876 
-31805 
 -3830 
-32541 
   276 
-32765 
  4379 
-32472 
  8412 
-31668 
 12312 
-30365 
 16019 
-28583 
 19473 
-26352 
 22621 
-23705 
 25412 
-20684 
 27803 
-17338 
 29756 
-13719 
 31240 
 -9884 
 32232 
 -5892 
 32716 
 -1809 
 32685 
  2304 
 32139 
  6380 
 31087 
 10356 
 29544 
 14168 
 27537 
 17757 
 25096 
 21067 
 22259 
 24045 
 19072 
 26643 
 15584 
 28823 
 11851 
 30548 
  7931 
 31792 
  3886 
 32535 
  -220 
 32765 
 -4322 
 32480 
 -8357 
 31682 
-12260 
 30386 
-15970 
 28611 
-19428 
 26385 
-22580 
 23744 
-25376 
 20728 
-27773 
 17386 
-29732 
 13770 
-31223 
  9937 
-32222 
  5948 
-32713 
  1865 
-32689 
 -2247 
-32150 
 -6325 
-31104 
-10302 
-29569 
-14117 
-27568 
-17710 
-25132 
-21024 
-22301 
-24006 
-19118 
-26611 
-15634 
-28796 
-11904 
-30527 
 -7986 
-31778 
 -3942 
-32528 
   163 
-32766 
  4266 
-32487 
  8302 
-31697 
 12207 
-30407 
 15920 
-28638 
 19382 
-26419 
 22539 
-23783 
 25340 
-20772 
 27743 
-17434 
 29708 
-13822 
 31206 
 -9991 
 32211 
 -6004 
 32710 
 -1921 
 32693 
  2191 
 32161 
  6269 
 31122 
 10248 
 29593 
 14066 
 27598 
 17662 
 25168 
 20980 
 22342 
 23968 
 19164 
 26578 
 15684 
 28769 
 11956 
 30507 
  8041 
 31764 
  3998 
 32521 
  -107 
 32766 
 -4210 
 32494 
 -8248 
 31711 
-12155 
 30428 
-15871 
 28666 
-19337 
 26452 
-22498 
 23821 
-25305 
 20816 
-27713 
 17482 
-29684 
 13873 
-31188 
 10045 
-32201 
  6059 
-32706 
  1978 
-32696 
 -2135 
-32171 
 -6214 
-31140 
-10195 
-29617 
-14015 
-27629 
-17615 
-25204 
-20937 
-22383 
-23929 
-19210 
-26544 
-15733 
-28742 
-12009 
-30486 
 -8095 
-31750 
 -4055 
-32514 
    50 
-32766 
  4154 
-32502 
  8193 
-31725 
 12102 
-30449 
 15821 
-28693 
 19291 
-26485 
 22457 
-23860 
 25269 
-20859 
 27682 
-17530 
 29660 
-13924 
 31171 
-10099 
 32190 
 -6115 
 32703 
 -2034 
 32700 
  2078 
 32182 
  6158 
 31157 
 10141 
 29642 
 13964 
 27659 
 17567 
 25241 
 20893 
 22425 
 23890 
 19255 
 26511 
 15783 
 28714 
 12062 
 30465 
  8150 
 31736 
  4111 
 32507 
     6 
 32766 
 -4098 
 32509 
 -8138 
 31739 
-12050 
 30470 
-15772 
 28720 
-19245 
 26519 
-22415 
 23899 
-25233 
 20903 
-27652 
 17577 
-29636 
 13975 
-31153 
 10153 
-32180 
  6170 
-32699 
  2091 
-32704 
 -2022 
-32193 
 -6102 
-31175 
-10087 
-29666 
-13913 
-27689 
-17519 
-25277 
-20850 
-22466 
-23852 
-19301 
-26478 
-15832 
-28687 
-12114 
-30444 
 -8205 
-31722 
 -4167 
-32500 
   -63 
-32766 
  4042 
-32516 
  8083 
-31753 
 11997 
-30491 
 15722 
-28748 
 19199 
-26552 
 22374 
-23938 
 25196 
-20946 
 27622 
-17625 
 29612 
-14026 
 31136 
-10206 
 32169 
 -6226 
 32696 
 -2147 
 32707 
  1965 
 32203 
  6047 
 31192 
 10033 
 29690 
 13861 
 27719 
 17471 
 25313 
 20806 
 22507 
 23813 
 19347 
 26445 
 15882 
 28660 
 12167 
 30423 
  8260 
 31708 
  4223 
 32493 
   119 
 32766 
 -3986 
 32523 
 -8029 
 31767 
-11945 
 30511 
-15672 
 28775 
-19153 
 26585 
-22333 
 23976 
-25160 
 20990 
-27591 
 17673 
-29588 
 14077 
-31118 
 10260 
-32158 
  6281 
-32692 
  2204 
-32710 
 -1909 
-32214 
 -5991 
-31209 
 -9979 
-29713 
-13810 
-27749 
-17423 
-25348 
-20762 
-22548 
-23774 
-19392 
-26411 
-15931 
-28632 
-12219 
-30402 
 -8314 
-31694 
 -4279 
-32485 
  -176 
-32766 
  3930 
-32529 
  7974 
-31781 
 11892 
-30532 
 15623 
-28802 
 19108 
-26618 
 22291 
-24015 
 25124 
-21033 
 27561 
-17720 
 29563 
-14128 
 31100 
-10314 
 32147 
 -6337 
 32688 
 -2260 
 32714 
  1852 
 32224 
  5936 
 31227 
  9925 
 29737 
 13759 
 27780 
 17376 
 25384 
 20718 
 22589 
 23735 
 19438 
 26378 
 15981 
 28605 
 12272 
 30381 
  8369 
 31679 
  4335 
 32478 
   232 
 32765 
 -3874 
 32536 
 -7919 
 31795 
-11839 
 30552 
-15573 
 28829 
-19062 
 26651 
-22250 
 24053 
-25088 
 21077 
-27530 
 17768 
-29539 
 14179 
-31083 
 10368 
