57,57
60,60
62,62
65,65
68,68
71,71
74,74
77,77
80,80
83,83
87,87
90,90
94,94
98,98
102,102
106,106
110,110
115,115
119,119
124,124
129,129
134,134
140,140
145,145
151,151
157,157
163,163
169,169
176,176
182,182
189,189
197,197
204,204
212,212
220,220
228,228
237,237
246,246
255,255
264,264
274,274
284,284
294,294
305,305
316,316
328,328
339,339
352,352
364,364
377,377
390,390
404,404
418,418
433,433
448,448
464,464
480,480
496,496
513,513
531,531
549,549
568,568
587,587
606,606
627,627
647,647
669,669
691,691
714,714
737,737
761,761
786,786
811,811
837,837
864,864
891,891
920,920
949,949
978,978
1009,1009
1040,1040
1073,1073
1106,1106
1140,1140
1174,1174
1210,1210
1247,1247
1284,1284
1323,1323
1362,1362
1403,1403
1444,1444
1486,1486
1530,1530
1574,1574
1620,1620
1667,1667
1715,1715
1764,1764
1814,1814
1865,1865
1917,1917
1971,1971
2026,2026
2082,2082
2139,2139
2198,2198
2257,2257
2319,2319
2381,2381
2445,2445
2510,2510
2577,2577
2645,2645
2714,2714
2785,2785
2857,2857
2931,2931
3006,3006
3083,3083
3161,3161
3241,3241
3323,3323
3406,3406
3490,3490
3576,3576
3664,3664
3753,3753
3844,3844
3937,3937
4031,4031
4128,4128
4225,4225
4325,4325
4426,4426
4529,4529
4633,4633
4740,4740
4848,4848
4958,4958
5070,5070
5183,5183
5299,5299
5416,5416
5535,5535
5656,5656
5779,5779
5903,5903
6030,6030
6158,6158
6288,6288
6420,6420
6554,6554
6689,6689
6827,6827
6966,6966
7107,7107
7250,7250
7395,7395
7542,7542
7691,7691
7841,7841
7994,7994
8148,8148
8304,8304
8461,8461
8621,8621
8782,8782
8945,8945
9110,9110
9277,9277
9445,9445
9615,9615
9787,9787
9961,9961
10136,10136
10313,10313
10491,10491
10671,10671
10853,10853
11036,11036
11221,11221
11407,11407
11594,11594
11784,11784
11974,11974
12166,12166
12359,12359
12554,12554
12750,12750
12947,12947
13146,13146
13345,13345
13546,13546
13748,13748
13951,13951
14155,14155
14360,14360
14566,14566
14772,14772
14980,14980
15189,15189
15398,15398
15608,15608
15818,15818
16029,16029
16241,16241
16454,16454
16666,16666
16879,16879
17093,17093
17307,17307
17521,17521
17735,17735
17949,17949
18164,18164
18378,18378
18593,18593
18807,18807
19021,19021
19235,19235
19448,19448
19662,19662
19874,19874
20087,20087
20299,20299
20510,20510
20720,20720
20930,20930
21139,21139
21347,21347
21554,21554
21760,21760
21965,21965
22169,22169
22371,22371
22572,22572
22772,22772
22971,22971
23168,23168
23364,23364
23557,23557
23750,23750
23940,23940
24129,24129
24315,24315
24500,24500
24683,24683
24863,24863
25042,25042
25218,25218
25392,25392
25564,25564
25733,25733
25900,25900
26064,26064
26226,26226
26384,26384
26541,26541
26694,26694
26845,26845
26992,26992
27137,27137
27279,27279
27417,27417
27553,27553
27685,27685
27814,27814
27940,27940
28063,28063
28182,28182
28298,28298
28410,28410
28519,28519
28624,28624
28725,28725
28823,28823
28917,28917
29008,29008
29095,29095
29178,29178
29257,29257
29332,29332
29403,29403
29471,29471
29534,29534
29594,29594
29649,29649
29701,29701
29748,29748
29792,29792
29831,29831
29866,29866
29898,29898
29925,29925
29947,29947
29966,29966
29981,29981
29991,29991
29997,29997
30000,30000
29997,29997
29991,29991
29981,29981
29966,29966
29947,29947
29925,29925
29898,29898
29866,29866
29831,29831
29792,29792
29748,29748
29701,29701
29649,29649
29594,29594
29534,29534
29471,29471
29403,29403
29332,29332
29257,29257
29178,29178
29095,29095
29008,29008
28917,28917
28823,28823
28725,28725
28624,28624
28519,28519
28410,28410
28298,28298
28182,28182
28063,28063
27940,27940
27814,27814
27685,27685
27553,27553
27417,27417
27279,27279
27137,27137
26992,26992
26845,26845
26694,26694
26541,26541
26384,26384
26226,26226
26064,26064
25900,25900
25733,25733
25564,25564
25392,25392
25218,25218
25042,25042
24863,24863
24683,24683
24500,24500
24315,24315
24129,24129
23940,23940
23750,23750
23557,23557
23364,23364
23168,23168
22971,22971
22772,22772
22572,22572
22371,22371
22169,22169
21965,21965
21760,21760
21554,21554
21347,21347
21139,21139
20930,20930
20720,20720
20510,20510
20299,20299
20087,20087
19874,19874
19662,19662
19448,19448
19235,19235
19021,19021
18807,18807
18593,18593
18378,18378
18164,18164
17949,17949
17735,17735
17521,17521
17307,17307
17093,17093
16879,16879
16666,16666
16454,16454
16241,16241
16029,16029
15818,15818
15608,15608
15398,15398
15189,15189
14980,14980
14772,14772
14566,14566
14360,14360
14155,14155
13951,13951
13748,13748
13546,13546
13345,13345
13146,13146
12947,12947
12750,12750
12554,12554
12359,12359
12166,12166
11974,11974
11784,11784
11594,11594
11407,11407
11221,11221
11036,11036
10853,10853
10671,10671
10491,10491
10313,10313
10136,10136
9961,9961
9787,9787
9615,9615
9445,9445
9277,9277
9110,9110
8945,8945
8782,8782
8621,8621
8461,8461
8304,8304
8148,8148
7994,7994
7841,7841
7691,7691
7542,7542
7395,7395
7250,7250
7107,7107
6966,6966
6827,6827
6689,6689
6554,6554
6420,6420
6288,6288
6158,6158
6030,6030
5903,5903
5779,5779
5656,5656
5535,5535
5416,5416
5299,5299
5183,5183
5070,5070
4958,4958
4848,4848
4740,4740
4633,4633
4529,4529
4426,4426
4325,4325
4225,4225
4128,4128
4031,4031
3937,3937
3844,3844
3753,3753
3664,3664
3576,3576
3490,3490
3406,3406
3323,3323
3241,3241
3161,3161
3083,3083
3006,3006
2931,2931
2857,2857
2785,2785
2714,2714
2645,2645
2577,2577
2510,2510
2445,2445
2381,2381
2319,2319
2257,2257
2198,2198
2139,2139
2082,2082
2026,2026
1971,1971
1917,1917
1865,1865
1814,1814
1764,1764
1715,1715
1667,1667
1620,1620
1574,1574
1530,1530
1486,1486
1444,1444
1403,1403
1362,1362
0,0
0,0
0,0
0,0
0,0
0,0
0,0
0,0
0,0
0,0
0,0
0,0
0,0
0,0
0,0
0,0
0,0
0,0
0,0
0,0
0,0
0,0
0,0
0,0
0,0
0,0
0,0
0,0
0,0
0,0
0,0
0,0
0,0
0,0
0,0
0,0
0,0
0,0
0,0
0,0
0,0
0,0
0,0
0,0
0,0
0,0
0,0
0,0
0,0
0,0
0,0
0,0
0,0
0,0
0,0
0,0
0,0
0,0
0,0
0,0
0,0
0,0
0,0
0,0
0,0
0,0
0,0
0,0
0,0
0,0
0,0
0,0
0,0
0,0
0,0
0,0
0,0
0,0
0,0
0,0
0,0
0,0
0,0
0,0
0,0
0,0
0,0
0,0
0,0
0,0
0,0
0,0
0,0
0,0
0,0
0,0
0,0
0,0
0,0
0,0
0,0
0,0
0,0
0,0
0,0
0,0
0,0
0,0
0,0
0,0
0,0
0,0
0,0
0,0
0,0
0,0
0,0
0,0
0,0
0,0
0,0
0,0
0,0
0,0
0,0
0,0
0,0
0,0
0,0
0,0
0,0
0,0
0,0
0,0
0,0
0,0
0,0
0,0
0,0
0,0
0,0
0,0
0,0
0,0
0,0
0,0
0,0
0,0
0,0
0,0
0,0
0,0
0,0
0,0
0,0
0,0
0,0
0,0
0,0
0,0
0,0
0,0
0,0
0,0
0,0
0,0
0,0
0,0
0,0
0,0
0,0
0,0
0,0
0,0
0,0
0,0
0,0
0,0
0,0
0,0
0,0
0,0
0,0
0,0
0,0
0,0
0,0
0,0
0,0
0,0
0,0
0,0
0,0
0,0
0,0
0,0
0,0
0,0
0,0
0,0
0,0
0,0
0,0
0,0
0,0
0,0
0,0
0,0
0,0
0,0
0,0
0,0
0,0
0,0
0,0
0,0
0,0
0,0
0,0
0,0
0,0
0,0
0,0
0,0
0,0
0,0
0,0
0,0
0,0
0,0
0,0
0,0
0,0
0,0
0,0
0,0
0,0
0,0
0,0
0,0
0,0
0,0
0,0
0,0
0,0
0,0
0,0
0,0
0,0
0,0
0,0
0,0
0,0
0,0
0,0
0,0
0,0
0,0
0,0
0,0
0,0
0,0
0,0
0,0
0,0
0,0
0,0
0,0
0,0
0,0
0,0
0,0
0,0
0,0
0,0
0,0
0,0
0,0
0,0
0,0
0,0
0,0
0,0
0,0
0,0
0,0
0,0
0,0
0,0
0,0
0,0
0,0
0,0
0,0
0,0
0,0
0,0
0,0
0,0
0,0
0,0
0,0
0,0
0,0
0,0
0,0
0,0
0,0
0,0
0,0
0,0
0,0
0,0
0,0
0,0
0,0
0,0
0,0
0,0
0,0
0,0
0,0
0,0
0,0
0,0
0,0
0,0
0,0
0,0
0,0
0,0
0,0
0,0
0,0
0,0
0,0
0,0
0,0
0,0
0,0
0,0
0,0
0,0
0,0
0,0
0,0
0,0
0,0
0,0
0,0
0,0
0,0
0,0
0,0
0,0
0,0
0,0
0,0
0,0
0,0
0,0
0,0
0,0
0,0
0,0
0,0
0,0
0,0
0,0
0,0
0,0
0,0
0,0
0,0
0,0
0,0
0,0
0,0
0,0
0,0
0,0
0,0
0,0
0,0
0,0
0,0
0,0
0,0
0,0
0,0
0,0
0,0
0,0
0,0
0,0
0,0
0,0
0,0
0,0
0,0
0,0
0,0
0,0
0,0
0,0
0,0
0,0
0,0
0,0
0,0
0,0
0,0
0,0
0,0
0,0
0,0
0,0
0,0
0,0
0,0
0,0
0,0
0,0
0,0
0,0
0,0
0,0
0,0
0,0
0,0
0,0
0,0
0,0
0,0
0,0
0,0
0,0
0,0
0,0
0,0
0,0
0,0
0,0
0,0
0,0
0,0
0,0
0,0
0,0
0,0
0,0
0,0
0,0
0,0
0,0
0,0
0,0
0,0
0,0
0,0
0,0
0,0
0,0
0,0
0,0
0,0
0,0
0,0
0,0
0,0
0,0
0,0
0,0
0,0
0,0
0,0
0,0
0,0
0,0
0,0
0,0
0,0
0,0
0,0
0,0
0,0
0,0
0,0
0,0
0,0
0,0
0,0
0,0
0,0
0,0
0,0
0,0
0,0
0,0
0,0
0,0
0,0
0,0
0,0
0,0
0,0
0,0
0,0
0,0
0,0
0,0
0,0
0,0
0,0
0,0
0,0
0,0
0,0
0,0
0,0
0,0
0,0
0,0
0,0
0,0
0,0
0,0
0,0
0,0
0,0
0,0
0,0
0,0
0,0
0,0
0,0
0,0
0,0
0,0
0,0
0,0
0,0
0,0
0,0
0,0
0,0
0,0
0,0
0,0
0,0
0,0
0,0
0,0
0,0
0,0
0,0
0,0
0,0
0,0
0,0
0,0
0,0
0,0
0,0
0,0
0,0
0,0
0,0
0,0
0,0
0,0
0,0
0,0
0,0
0,0
0,0
0,0
0,0
0,0
0,0
0,0
0,0
0,0
0,0
0,0
0,0
0,0
0,0
0,0
0,0
0,0
0,0
0,0
0,0
0,0
0,0
0,0
0,0
0,0
0,0
0,0
0,0
0,0
0,0
0,0
0,0
0,0
0,0
0,0
0,0
0,0
0,0
0,0
0,0
0,0
0,0
0,0
0,0
0,0
0,0
0,0
0,0
0,0
0,0
0,0
0,0
0,0
0,0
0,0
0,0
0,0
0,0
0,0
0,0
0,0
0,0
0,0
0,0
0,0
0,0
0,0
0,0
0,0
0,0
0,0
0,0
0,0
0,0
0,0
0,0
0,0
0,0
0,0
0,0
0,0
0,0
0,0
0,0
0,0
0,0
0,0
0,0
0,0
0,0
0,0
0,0
0,0
0,0
0,0
0,0
0,0
0,0
0,0
0,0
0,0
0,0
0,0
0,0
0,0
0,0
0,0
0,0
0,0
0,0
0,0
0,0
0,0
0,0
0,0
0,0
0,0
0,0
0,0
0,0
0,0
0,0
0,0
0,0
0,0
0,0
0,0
0,0
0,0
0,0
0,0
0,0
0,0
0,0
0,0
0,0
0,0
0,0
0,0
0,0
0,0
0,0
0,0
0,0
0,0
0,0
0,0
0,0
0,0
0,0
0,0
0,0
0,0
0,0
0,0
0,0
0,0
0,0
0,0
0,0
0,0
0,0
0,0
0,0
0,0
0,0
0,0
0,0
0,0
0,0
0,0
0,0
0,0
0,0
0,0
0,0
0,0
0,0
0,0
0,0
0,0
0,0
0,0
0,0
0,0
0,0
0,0
0,0
0,0
0,0
0,0
0,0
0,0
0,0
0,0
0,0
0,0
0,0
0,0
0,0
0,0
0,0
0,0
0,0
0,0
0,0
0,0
0,0
0,0
0,0
0,0
0,0
0,0
0,0
0,0
0,0
0,0
0,0
0,0
0,0
0,0
0,0
0,0
0,0
0,0
0,0
0,0
0,0
0,0
0,0
0,0
0,0
0,0
0,0
0,0
0,0
0,0
0,0
0,0
0,0
0,0
0,0
0,0
0,0
0,0
0,0
0,0
0,0
0,0
0,0
0,0
0,0
0,0
0,0
0,0
0,0
0,0
0,0
0,0
0,0
0,0
0,0
0,0
0,0
0,0
0,0
0,0
0,0
0,0
0,0
0,0
0,0
0,0
0,0
0,0
0,0
0,0
0,0
0,0
0,0
0,0
0,0
0,0
0,0
0,0
0,0
0,0
0,0
0,0
0,0
0,0
0,0
0,0
0,0
0,0
0,0
0,0
0,0
0,0
0,0
0,0
0,0
0,0
0,0
0,0
0,0
0,0
0,0
0,0
0,0
0,0
0,0
0,0
0,0
0,0
0,0
0,0
0,0
0,0
0,0
0,0
0,0
0,0
0,0
0,0
0,0
0,0
0,0
0,0
0,0
0,0
0,0
0,0
0,0
0,0
0,0
0,0
0,0
0,0
0,0
0,0
0,0
0,0
0,0
0,0
0,0
0,0
0,0
0,0
0,0
0,0
0,0
0,0
0,0
0,0
0,0
0,0
0,0
0,0
0,0
0,0
0,0
0,0
0,0
0,0
0,0
0,0
0,0
0,0
0,0
0,0
0,0
0,0
0,0
0,0
0,0
0,0
0,0
0,0
0,0
0,0
0,0
0,0
0,0
0,0
0,0
0,0
0,0
0,0
0,0
0,0
0,0
0,0
0,0
0,0
0,0
0,0
0,0
0,0
0,0
0,0
0,0
0,0
0,0
0,0
0,0
0,0
0,0
0,0
0,0
0,0
0,0
0,0
0,0
0,0
0,0
0,0
0,0
0,0
0,0
0,0
0,0
0,0
0,0
0,0
0,0
0,0
0,0
0,0
0,0
0,0
0,0
0,0
0,0
0,0
0,0
0,0
0,0
0,0
0,0
0,0
0,0
0,0
0,0
0,0
0,0
0,0
0,0
0,0
0,0
0,0
0,0
0,0
0,0
0,0
0,0
0,0
0,0
0,0
0,0
0,0
0,0
0,0
0,0
0,0
0,0
0,0
0,0
0,0
0,0
0,0
0,0
0,0
0,0
0,0
0,0
0,0
0,0
0,0
0,0
0,0
0,0
0,0
0,0
0,0
0,0
0,0
0,0
0,0
0,0
0,0
0,0
0,0
0,0
0,0
0,0
0,0
0,0
0,0
0,0
0,0
0,0
0,0
0,0
0,0
0,0
0,0
0,0
0,0
0,0
0,0
0,0
0,0
0,0
0,0
0,0
0,0
0,0
0,0
0,0
0,0
0,0
0,0
0,0
0,0
0,0
0,0
0,0
0,0
0,0
0,0
0,0
0,0
0,0
0,0
0,0
0,0
0,0
0,0
0,0
0,0
0,0
0,0
0,0
0,0
0,0
0,0
0,0
0,0
0,0
0,0
0,0
0,0
0,0
0,0
0,0
0,0
0,0
0,0
0,0
0,0
0,0
0,0
0,0
0,0
0,0
0,0
0,0
0,0
0,0
0,0
0,0
0,0
0,0
0,0
0,0
0,0
0,0
0,0
0,0
0,0
0,0
0,0
0,0
0,0
0,0
0,0
0,0
0,0
0,0
0,0
0,0
0,0
0,0
0,0
0,0
0,0
0,0
0,0
0,0
0,0
0,0
0,0
0,0
0,0
0,0
0,0
0,0
0,0
0,0
0,0
0,0
0,0
0,0
0,0
0,0
0,0
0,0
0,0
0,0
0,0
0,0
0,0
0,0
0,0
0,0
0,0
0,0
0,0
0,0
0,0
0,0
0,0
0,0
0,0
0,0
0,0
0,0
0,0
0,0
0,0
0,0
0,0
0,0
0,0
0,0
0,0
0,0
0,0
0,0
0,0
0,0
0,0
0,0
0,0
0,0
0,0
0,0
0,0
0,0
0,0
0,0
0,0
0,0
0,0
0,0
0,0
0,0
0,0
0,0
0,0
0,0
0,0
0,0
0,0
0,0
0,0
0,0
0,0
0,0
0,0
0,0
0,0
0,0
0,0
0,0
0,0
0,0
0,0
0,0
0,0
0,0
0,0
0,0
0,0
0,0
0,0
0,0
0,0
0,0
0,0
0,0
0,0
0,0
0,0
0,0
0,0
0,0
0,0
0,0
0,0
0,0
0,0
0,0
0,0
0,0
0,0
0,0
0,0
0,0
0,0
0,0
0,0
0,0
0,0
0,0
0,0
0,0
0,0
0,0
0,0
0,0
0,0
0,0
0,0
0,0
0,0
0,0
0,0
0,0
0,0
0,0
0,0
0,0
0,0
0,0
0,0
0,0
0,0
0,0
0,0
0,0
0,0
0,0
0,0
0,0
0,0
0,0
0,0
0,0
0,0
0,0
0,0
0,0
0,0
0,0
0,0
0,0
0,0
0,0
0,0
0,0
0,0
0,0
0,0
0,0
0,0
0,0
0,0
0,0
0,0
0,0
0,0
0,0
0,0
0,0
0,0
0,0
0,0
0,0
0,0
0,0
0,0
0,0
0,0
0,0
0,0
0,0
0,0
0,0
0,0
0,0
0,0
0,0
0,0
0,0
0,0
0,0
0,0
0,0
0,0
0,0
0,0
0,0
0,0
0,0
0,0
0,0
0,0
0,0
0,0
0,0
0,0
0,0
0,0
0,0
0,0
0,0
0,0
0,0
0,0
0,0
0,0
0,0
0,0
0,0
0,0
0,0
0,0
0,0
0,0
0,0
0,0
0,0
0,0
0,0
0,0
0,0
0,0
0,0
0,0
0,0
0,0
0,0
0,0
0,0
0,0
0,0
0,0
0,0
0,0
0,0
0,0
0,0
0,0
0,0
0,0
0,0
0,0
0,0
0,0
0,0
0,0
0,0
0,0
0,0
0,0
0,0
0,0
0,0
0,0
0,0
0,0
0,0
0,0
0,0
0,0
0,0
0,0
0,0
0,0
0,0
0,0
0,0
0,0
0,0
0,0
0,0
0,0
0,0
0,0
0,0
0,0
0,0
0,0
0,0
0,0
0,0
0,0
0,0
0,0
0,0
0,0
0,0
0,0
0,0
0,0
0,0
0,0
0,0
0,0
0,0
0,0
0,0
0,0
0,0
0,0
0,0
0,0
0,0
0,0
0,0
0,0
0,0
0,0
0,0
0,0
0,0
0,0
0,0
0,0
0,0
0,0
0,0
0,0
0,0
0,0
0,0
0,0
0,0
0,0
0,0
0,0
0,0
0,0
0,0
0,0
0,0
0,0
0,0
0,0
0,0
